197080
112097
589232
406899
91461
526144
386696
784815
561962
651873
90971
786104
106563
644225
350658
345000
250474
73400
387972
224478
128922
746931
635996
329187
905614
765646
813328
839534
190092
146778
367228
95334
779321
971180
386364
259029
91938
816985
528304
584834
175108
784566
674647
227972
744371
320152
808211
277697
412291
340520
516567
467262
248205
928223
756549
657945
213456
735114
611133
420099
775093
590714
9164
855808
415829
130860
828042
127457
393045
173151
304559
366219
686418
685549
998012
576059
798469
152793
158598
354818
220354
467500
592844
843848
766760
167225
328589
358407
728401
851992
31837
395519
410541
988460
731562
437206
373280
347561
232766
935296
