9123
12345
13004
37486
41266
41557
72033
76144
101630
102581
116848
147411
157958
160194
163705
164621
171500
175541
178094
186087
200380
207300
212096
216696
221613
231700
234451
242555
251780
258672
269582
274766
280618
316066
319127
348668
363352
372387
389463
458840
474327
480905
491136
496363
506541
519598
543607
565867
591639
600890
605720
607404
629418
647260
651665
655006
680823
682024
697916
720204
727000
733540
752328
753941
763251
790279
793226
796395
797202
817812
824713
830973
831518
833171
849982
853395
855216
859587
865121
867635
868939
880849
911945
919677
923942
924433
925269
925808
932659
934323
935215
937011
952771
964808
970402
971353
974484
977294
979422
991810
